Webots Project File version R2020a
perspectives: 000000ff00000000fd00000003000000000000032000000298fc0100000002fb0000001e00480074006d006c0052006f0062006f007400570069006e0064006f00770000000000000003200000000000000000fb0000001a0044006f00630075006d0065006e0074006100740069006f006e0000000000ffffffff0000006900ffffff000000010000011c00000214fc0200000001fb0000001400540065007800740045006400690074006f00720000000015000002140000004100ffffff000000030000055600000130fc0100000001fb0000000e0043006f006e0073006f006c00650100000000000005560000006900ffffff000005560000016600000001000000020000000100000008fc00000000
simulationViewPerspectives: 000000ff000000010000000200000100000001320100000002010000000100
sceneTreePerspectives: 000000ff00000001000000020000014a000000fa0100000002010000000200
maximizedDockId: -1
centralWidgetVisible: 1
renderingMode: PLAIN
selectionDisabled: 0
viewpointLocked: 0
orthographicViewHeight: 1
textFiles: -1
renderingDevicePerspectives: vehicle:display;1;0.213333;0;0
renderingDevicePerspectives: vehicle:camera;1;0.734375;0.140569;0.0190275
