Webots Project File version R2020a
perspectives: 000000ff00000000fd00000003000000000000000000000000fc0100000001fb0000001a0044006f00630075006d0065006e0074006100740069006f006e0000000000000000140000006900ffffff00000001000001b000000214fc0200000001fb0000001400540065007800740045006400690074006f00720100000015000002140000008700ffffff000000030000055600000082fc0100000001fb0000000e0043006f006e0073006f006c00650100000000000005560000006900ffffff000003a40000021400000001000000020000000100000008fc00000000
simulationViewPerspectives: 000000ff000000010000000200000100000003380100000002010000000100
sceneTreePerspectives: 000000ff00000001000000020000014a000000fa0100000002010000000200
maximizedDockId: -1
centralWidgetVisible: 1
selectionDisabled: 0
viewpointLocked: 0
orthographicViewHeight: 1
textFiles: 0 "controllers/main1/main1.py"
renderingDevicePerspectives: Pioneer 3-DX:kinect range;1;1;0.282238;0.0761099
renderingDevicePerspectives: Pioneer 3-DX:kinect color;1;1;0;0
